0.43724218,
0.321629077,
0.203473806,
0.0718672425,
0.0908385068,
0.321616024,
0.725007892,
1.79126084,
35.0044212,
2.54101229,
1.23664129,
0.740733862,
0.399008185,
0.0466778092,
0.483074963,
1.78672767,
22.8587723,
4.20161676,
2.35609245,
1.78396642,
1.50259089,
1.33523607,
1.22518766,
1.14860344,
1.09372771,
1.05410862,
1.02585781,
1.00666857,
0.995054841,
0.990111351,
0.991263568,
0.998333812,
1.01137269,
1.03063786,
1.05672872,
1.09047377,
1.13319468,
1.1867584,
1.25381017,
1.33827925,
1.4461391,
1.5867542,
1.77592695,
2.04215431,
2.44323063,
3.11678219,
4.49261665,
8.96287918,
56.9753723,
5.69896221,
2.58373976,
1.37675881,
0.641041815,
0.00736750988,
0.812903106,
2.82020617,
53.5285568,
3.63771391,
2.0300045,
1.42685926,
1.09138238,
0.86665082,
0.697699428,
0.559321284
