0.000000000000000000e+00,
		1.097004413604736328e+00,
		1.711389660835266113e+00,
		1.621256709098815918e+00,
		9.751890897750854492e-01,
		1.892229914665222168e-01,
		-3.054446578025817871e-01,
		-3.132453858852386475e-01,
		2.471931092441082001e-02,
		3.371051847934722900e-01,
		2.694585323333740234e-01,
		-2.789523601531982422e-01,
		-1.073454737663269043e+00,
		-1.669363975524902344e+00,
		-1.672097921371459961e+00,
		-9.780024886131286621e-01,
		1.482402533292770386e-01,
		1.208102226257324219e+00,
		1.739158630371093750e+00,
		1.564092040061950684e+00,
		8.747188448905944824e-01,
		1.043754220008850098e-01,
		-3.333525657653808594e-01,
		-2.836610376834869385e-01,
		7.373490184545516968e-02,
		3.546724319458007812e-01,
		2.254915237426757812e-01,
		-3.728218674659729004e-01,
		-1.168548464775085449e+00,
		-1.707798957824707031e+00,
		-1.621405601501464844e+00,
		-8.519233465194702148e-01,
		2.953930795192718506e-01,
		1.310541272163391113e+00,
		1.755381107330322266e+00,
		1.498557329177856445e+00,
		7.730119228363037109e-01,
		2.508640289306640625e-02,
		-3.531774282455444336e-01,
		-2.489838600158691406e-01,
		1.214846149086952209e-01,
		3.654479980468750000e-01,
		1.737323403358459473e-01,
		-4.700327813625335693e-01,
		-1.259518742561340332e+00,
		-1.736026167869567871e+00,
		-1.559535503387451172e+00,
		-7.196569442749023438e-01,
		4.403821825981140137e-01,
		1.403641700744628906e+00,
		1.760134220123291016e+00,
		1.425403475761413574e+00,
		6.710348129272460938e-01,
		-4.803562164306640625e-02,
		-3.650037646293640137e-01,
		-2.098987549543380737e-01,
		1.671409159898757935e-01,
		3.690068125724792480e-01,
		1.144586205482482910e-01,
		-5.697330832481384277e-01,
		-1.345438480377197266e+00,
		-1.753592252731323242e+00,
		-1.486809730529785156e+00,
		-5.821466445922851562e-01,
		5.821452140808105469e-01,
		1.486808776855468750e+00,
		1.753592252731323242e+00,
		1.345436215400695801e+00,
		5.697340965270996094e-01,
		-1.144580245018005371e-01,
		-3.690067529678344727e-01,
		-1.671413630247116089e-01,
		2.098999321460723877e-01,
		3.650038838386535645e-01,
		4.803365468978881836e-02,
		-6.710337400436401367e-01,
		-1.425402641296386719e+00,
		-1.760134220123291016e+00,
		-1.403642654418945312e+00,
		-4.403781294822692871e-01,
		7.196555733680725098e-01,
		1.559534788131713867e+00,
		1.736025571823120117e+00,
		1.259519577026367188e+00,
		4.700337648391723633e-01,
		-1.737338900566101074e-01,
		-3.654477894306182861e-01,
		-1.214850917458534241e-01,
		2.489827573299407959e-01,
		3.531769514083862305e-01,
		-2.508711814880371094e-02,
		-7.730108499526977539e-01,
		-1.498559236526489258e+00,
		-1.755381107330322266e+00,
		-1.310542225837707520e+00,
		-2.953974008560180664e-01,
		8.519269227981567383e-01,
		1.621406078338623047e+00,
		1.707799911499023438e+00,
		1.168545722961425781e+00,
		3.728210330009460449e-01,
		-2.254909873008728027e-01,
		-3.546728491783142090e-01,
		-7.373353838920593262e-02,
		2.836613357067108154e-01,
		3.333532214164733887e-01,
		-1.043778061866760254e-01,
		-8.747197985649108887e-01,
		-1.564091444015502930e+00,
		-1.739159226417541504e+00,
		-1.208100318908691406e+00,
		-1.482403427362442017e-01,
		9.780000448226928711e-01,
		1.672099232673645020e+00,
		1.669363498687744141e+00,
		1.073455691337585449e+00,
		2.789559364318847656e-01,
		-2.694592475891113281e-01,
		-3.371051549911499023e-01,
		-2.472053281962871552e-02,
		3.132461011409759521e-01,
		3.054443001747131348e-01,
		-1.892216801643371582e-01,
		-9.751853942871093750e-01,
		-1.621257781982421875e+00,
		-1.711389780044555664e+00,
		-1.097007513046264648e+00,
		4.196293048153165728e-06
